99 1
85 1
9 1
106 1
30 1
47 1
73 1
63 1
67 1
104 1
98 1
102 1
2 1
91 2
108 2
83 2
19 2
76 2
77 2
11 2
93 2
13 2
25 2
14 2
55 2
41 2
96 2
88 2
10 2
124 2
84 2
136 3
72 3
127 3
51 3
46 3
118 3
103 3
105 3
17 3
90 3
62 3
137 3
34 3
50 3
82 3
12 3
48 3
27 3
7 4
95 4
89 4
59 4
16 4
68 4
28 4
112 4
101 4
107 4
87 4
4 4
1 4
18 5
120 5
109 5
110 5
49 5
126 5
117 5
94 5
134 5
138 6
100 6
79 6
26 6
6 6
70 6
80 6
65 6
131 6
60 6
119 6
39 6
15 6
114 6
23 6
113 6
71 6
125 6
66 6
56 6
129 6
42 6
36 7
78 7
54 7
75 7
122 7
35 7
40 7
32 7
61 7
121 7
97 7
3 7
86 7
135 8
33 8
130 8
37 8
92 8
44 8
52 8
128 8
69 8
116 9
64 9
21 9
29 9
53 9
132 9
31 9
111 9
81 10
20 10
45 10
123 10
57 10
58 10
5 10
43 10
74 11
115 11
133 11
22 11
38 11
8 11
24 11
